.Random.seed <-
c(403L, 1L, 1861316006L, -360163391L, -1032065965L, 1553646338L, 
-53017036L, 915637175L, -1849515091L, 1842694340L, -1132647190L, 
-1001430187L, 105723119L, 1934957302L, -1158355424L, 1945050083L, 
-1315188607L, 1219817200L, -1838228082L, -985885959L, 1963036811L, 
-499132230L, 1046162364L, -2085072641L, -1369672619L, -165142676L, 
-1534988350L, 689793053L, 1796937879L, 1433798142L, 402134456L, 
-988546661L, 1538752505L, -223385784L, -414530954L, 711629745L, 
104097251L, -1942938958L, -630106364L, 839511111L, 1208699677L, 
-710299244L, -688556742L, 509217157L, -584062369L, 1342835942L, 
827408240L, -2047197037L, 1664814385L, -999556128L, -1144272770L, 
1126478601L, -1466313413L, 256878858L, -962864916L, 1766106479L, 
-597964123L, -423017380L, 44565554L, -1755806931L, 1053882855L, 
-1861049074L, 1870396136L, 1039987947L, 582012297L, -1031492328L, 
1252290630L, -893708127L, -808394957L, -132927838L, 1884650900L, 
-793418729L, -1985666035L, -1307217628L, 201448714L, -1873707915L, 
-959637553L, -2067154730L, -1701029760L, 2046142147L, -184840095L, 
1925988560L, 743225902L, -1350415399L, 331486187L, 1492234842L, 
-898178020L, -1980456673L, 1104531829L, -959983604L, 303798754L, 
-881884483L, 2061319479L, -773529122L, -2108627176L, 1340223099L, 
-1803797479L, 1196166312L, -68295082L, 810287825L, 635302531L, 
-434525934L, 1720716452L, 1973320807L, 1318090173L, 1374529332L, 
214652058L, -807593243L, -779320193L, -256565754L, 1227622800L, 
2082673715L, 1863220177L, -57511552L, -2039899042L, -392782935L, 
-683040165L, -1140214166L, -2110907636L, 1514278223L, 93935109L, 
550493372L, 871472530L, -1633544563L, -2077512505L, 563022254L, 
-1156598776L, -864409589L, 729939177L, -570975304L, 1350599782L, 
659399937L, 820945811L, -1770838974L, 1494072308L, -1074481673L, 
-1999074835L, 419728004L, 1309748394L, 1549498901L, -2142247249L, 
232326326L, -40480032L, 974761507L, -1217056447L, -133837776L, 
-1101302194L, -969309511L, -1793329461L, -1404366982L, -384256388L, 
-1312820545L, 1741755285L, -354806868L, -1375397502L, -890708131L, 
233501271L, -643712706L, -357066376L, -1904971173L, -1841867335L, 
-1542641656L, 1575574198L, 2122437105L, -1039087581L, -222263182L, 
1020549828L, -39834489L, -1651974051L, 1031267924L, 1845396602L, 
-113266747L, -755633889L, 508272806L, -194690512L, -1870939949L, 
1240839921L, 2096535072L, 1833369790L, 1292829897L, 789376635L, 
-164373430L, -1950178132L, -2137259089L, -1509906587L, -916751076L, 
-624016014L, -598143507L, -534167001L, 573526606L, 1879266984L, 
-1335333717L, -118026807L, -815070760L, -1312851834L, 1272751457L, 
-1069442829L, 1310295906L, 1207865812L, 309392599L, -915130675L, 
-1446920604L, -1615938486L, 282597813L, 1852450063L, -1199173098L, 
-2144088896L, -1962014077L, 116389537L, -669173616L, -705686674L, 
749935897L, -190050901L, -1807742054L, -317447332L, -1176477089L, 
-1594906059L, 728109516L, -1040422622L, 920038269L, 1963378807L, 
387915166L, 1027904600L, 1727386043L, -1816844455L, 1217332456L, 
1780264214L, -1212412271L, 939131715L, 1819524684L, 149975932L, 
-412500174L, -1260666256L, -614362812L, -976435240L, -984693638L, 
-917378512L, -1002475844L, 1904521044L, 76414530L, -1559773280L, 
-1624220484L, -596053552L, -1044545182L, -2096674840L, -1954243636L, 
1884929788L, 882484210L, 1337996416L, 686399732L, 1407504520L, 
-2117045958L, 469062480L, -828940180L, -652264300L, 1690084690L, 
-2017180960L, 217492684L, 1068641440L, 352374146L, 604175592L, 
-223212308L, -1170773956L, 389086322L, 590740592L, -1540578780L, 
-1060194760L, 117621274L, 54400208L, -1158822340L, -994701164L, 
-106554238L, -1277011008L, 1217122620L, 1011113616L, 188527650L, 
919298056L, -791141236L, -1262287844L, -1476341614L, -751106944L, 
-911373292L, -1249462488L, -867846086L, 1494427856L, 1794517100L, 
1180204724L, 419957778L, 724923360L, 338502604L, -1572671008L, 
2146379810L, 1368622376L, 94720268L, 1615970876L, -98162446L, 
402730224L, 827086660L, 1520307288L, -136223174L, 1025577200L, 
979216060L, 1062502932L, -1028969278L, 1814624864L, -1768709764L, 
-1836716848L, -23975902L, -964557656L, 2091471244L, 373035452L, 
886963250L, -1570564288L, -516615500L, 1600593224L, 713139898L, 
1799820048L, 1626519788L, 1846287444L, 2076080914L, 1708678560L, 
-509397044L, -364485792L, -917336894L, -260242904L, -1968558676L, 
-829375684L, 396926834L, 1939758896L, 985936932L, -2108067272L, 
152626906L, -1012640880L, 351455484L, 2041364884L, -1947397310L, 
95197696L, 392418364L, -724985264L, 1091974306L, 1365882696L, 
-60432884L, 740257500L, -504278958L, 1298940032L, -261526700L, 
-1760832536L, 1021526778L, -149573808L, 638775340L, 1187324276L, 
-747044206L, -1226616224L, -1428286324L, 1610261856L, 1014098146L, 
1957736616L, 116935372L, -1851574788L, 1541758898L, 1610352624L, 
729195972L, 1840486744L, -1090849414L, -1769712208L, 1724725692L, 
-1086928300L, -1530401342L, -534570208L, -1794061380L, -2113969072L, 
-123056158L, 788845416L, -714504372L, 1077619452L, -1544815886L, 
1314001152L, -2001439628L, 395217416L, 1057642938L, 1734306256L, 
-579073044L, 1672558484L, 1733942482L, 972490848L, -580136628L, 
607696672L, -1354278270L, 1337502184L, 1940485100L, -1822568900L, 
-933860750L, 416755568L, 657293604L, 1471671864L, -422240870L, 
-1450113584L, 949051836L, 523965076L, -1273993598L, -513183296L, 
-322605252L, 250259088L, 1535046434L, -736393720L, 1380120332L, 
-385165412L, 442355730L, 1066935168L, -417509612L, 596945192L, 
-1413173190L, 1120290768L, -652719508L, 1159535668L, -491158382L, 
-711152288L, 251433292L, 1589475808L, -1685213278L, 331206568L, 
-1879661428L, -1349540932L, -1057949582L, -413080592L, 549642308L, 
-1513946024L, -1477238726L, 1166532720L, -24137156L, -897959148L, 
1173102274L, 115011296L, -759475076L, 1306091728L, 940069794L, 
1190576680L, -1279179508L, -654537796L, -238779086L, 561421504L, 
-799486412L, 217626312L, -495987014L, -240607088L, -1797649684L, 
-381453740L, 1592901266L, -1290831072L, 996969420L, -390943520L, 
-1771115838L, -108515288L, 1214073772L, 1082362556L, 1931621874L, 
-1478441426L, 1348381756L, 989727149L, -130938281L, 2096063392L, 
-1596503810L, 809171915L, -1960567347L, 859549946L, 1102017336L, 
-197545759L, -523820141L, 1667647412L, -82182974L, 465981655L, 
-1010389727L, 1282546918L, 1107720676L, -680020715L, 1218202943L, 
-1592123176L, 1483915510L, 782719747L, 1644588101L, 378356834L, 
-1151437872L, -215811847L, -2120494549L, -799908452L, 1952867786L, 
-970238273L, 2001065993L, 436357406L, -796242740L, -142702435L, 
451407143L, 877944656L, -800730642L, -1514899813L, 50256125L, 
504086506L, -2050758520L, 25409073L, -973049693L, -600791900L, 
1661289810L, -1552281433L, 1881277681L, 237966390L, -1790477100L, 
2029420645L, -2120283537L, 1102324904L, -724065786L, 878854963L, 
1552103317L, -1766190094L, 1483679808L, -659572311L, 132421659L, 
-1271585300L, -521144838L, -683933137L, 1058647609L, -280446898L, 
1837269148L, 1811997197L, 646635127L, -877791616L, 839029982L, 
1061365675L, 2018748589L, -1950200550L, 1929800152L, 462402113L, 
1009821939L, 2108000020L, -1829212510L, 1628022711L, -1142361215L, 
-234888826L, 1774532L, -1761583371L, -1564464289L, 1893602744L, 
2045013142L, -966696285L, 1184695397L, -1682919038L, 1425681136L, 
-1943871847L, 1126597259L, 842228604L, -1908509270L, 877051359L, 
-279950487L, 1587440510L, -1496480916L, -932051011L, 2046637191L, 
-369096592L, -1977462002L, -59834309L, -1405882595L, -2141692470L, 
1963095784L, 1817418193L, 1988332483L, -63945532L, -955524238L, 
-387946937L, 515577361L, 442029974L, 1034685172L, 1411177605L, 
1590313423L, 36623560L, -699206298L, -1542658157L, -1597470475L, 
-2116329262L, 699191072L, 221490953L, -1101973445L, 1131834764L, 
2065376282L, -656885617L, 1192021977L, -534040466L, -2023476228L, 
-599776915L, 760773399L, -695686432L, 1289787582L, 1334146699L, 
-1094742771L, -445734598L, -1958506120L, 789078817L, -2049870893L, 
394074868L, -1237044350L, 502137367L, 11055329L, 1573101094L, 
